y   0.0: [(505, 507), (516, 592), (663, 675), (679, 680), (685, 687), (693, 694), (696, 738), (740, 741), (747, 748), (751, 752), (757, 757), (761, 774)]
y   0.7: [(505, 507), (516, 591), (664, 773)]
y   1.4: [(505, 507), (517, 591), (664, 773)]
y   2.2: [(505, 507), (518, 590), (665, 771)]
y   2.9: [(505, 506), (518, 590), (613, 650), (652, 653), (666, 771)]
y   3.6: [(505, 506), (519, 589), (613, 650), (652, 653), (666, 770)]
y   4.3: [(505, 505), (520, 588), (613, 650), (652, 653), (667, 769)]
y   5.0: [(521, 587), (613, 653), (668, 768)]
y   5.7: [(521, 587), (613, 653), (668, 768)]
y   6.5: [(522, 586), (613, 653), (669, 767)]
y   7.2: [(523, 585), (613, 653), (669, 767)]
y   7.9: [(523, 531), (543, 563), (579, 584), (613, 653), (671, 765)]
y   8.6: [(524, 531), (543, 563), (579, 584), (613, 653), (671, 765)]
y   9.3: [(525, 531), (543, 563), (579, 583), (613, 653), (672, 675), (696, 738), (762, 764)]
y  10.0: [(525, 531), (543, 563), (579, 583), (613, 653), (672, 675), (696, 738), (762, 764)]
y  10.8: [(526, 531), (543, 563), (579, 582), (613, 653), (673, 675), (696, 738), (762, 763)]
y  11.5: [(527, 531), (543, 563), (579, 581), (613, 653), (674, 675), (696, 738), (762, 762)]
y  12.2: [(528, 531), (543, 563), (579, 580), (613, 653), (696, 738)]
y  12.9: [(528, 531), (543, 563), (579, 580), (613, 653), (696, 738)]
y  13.6: [(529, 531), (543, 563), (613, 653), (696, 738)]
y  14.3: [(530, 531), (543, 563), (613, 653), (696, 697)]
y  15.1: [(543, 544), (547, 548), (550, 553), (554, 556), (557, 558), (559, 559), (613, 623), (644, 653)]
y  15.8: [(613, 623), (644, 653)]
y  16.5: [(613, 623), (644, 653)]
y  17.2: [(613, 623), (644, 653)]
y  17.9: [(613, 623), (644, 653)]
y  18.7: [(613, 623), (644, 653)]
y  19.4: [(613, 623), (644, 653)]
y  20.1: [(613, 623), (644, 653)]
y  20.8: [(613, 623), (644, 653)]
y  21.5: [(613, 623), (644, 653)]
y  22.2: [(613, 623), (644, 653)]
y  23.0: [(613, 623), (644, 653)]
y  23.7: [(613, 623), (644, 653)]
y  24.4: [(613, 623), (644, 653)]
y  25.1: [(618, 620)]
y  25.8: [(618, 620)]
y  26.5: [(618, 620)]
y  27.3: [(618, 620), (757, 759)]
y  28.0: [(619, 620), (757, 760)]
y  28.7: [(757, 760)]
y  29.4: [(753, 753), (757, 760), (762, 762)]
y  30.1: [(753, 755), (757, 760), (762, 764)]
y  30.9: [(753, 764)]
y  31.6: [(753, 764)]
y  32.3: [(753, 764)]
y  33.0: [(754, 756), (757, 759), (760, 763)]
y  33.7: [(757, 759), (760, 760)]
y  34.4: [(756, 760)]
y  35.2: [(757, 762)]
y  35.9: [(755, 757), (759, 762)]
y  36.6: [(755, 760)]
y  37.3: [(611, 790)]
y  38.0: [(611, 790)]
y  38.7: [(611, 790)]
y  39.5: [(611, 790)]
y  57.4: [(539, 653)]
y  58.1: [(539, 653)]
y  58.8: [(539, 653)]
y  59.6: [(539, 653)]
y  67.4: [(516, 518)]
y  68.2: [(515, 518)]
y  68.9: [(515, 519)]
y  69.6: [(515, 519)]
y  70.3: [(514, 519)]
y  71.0: [(512, 513), (514, 514), (515, 519), (521, 522)]
y  71.7: [(512, 522)]
y  72.5: [(512, 522)]
y  73.2: [(512, 512), (516, 518), (522, 522)]
y  73.9: [(516, 518)]
y  74.6: [(514, 519)]
y  75.3: [(514, 520)]
y  76.1: [(515, 517), (518, 520)]
y  76.8: [(513, 516), (518, 520)]
y  77.5: [(514, 516), (518, 519)]
y  78.2: [(509, 574), (620, 749)]
y  78.9: [(509, 574), (620, 749)]
y  79.6: [(509, 574), (620, 749)]
y  94.0: [(541, 543)]
y  94.7: [(541, 543)]
y  96.1: [(541, 543)]
y  96.9: [(541, 543)]
y  98.3: [(541, 543), (550, 675)]
y  99.0: [(541, 543), (550, 675)]
y  99.7: [(535, 536), (537, 538), (540, 540), (541, 543), (545, 545), (547, 547), (549, 549), (550, 675)]
y 100.4: [(535, 536), (537, 543), (544, 549), (550, 675)]
y 101.2: [(535, 536), (537, 549)]
y 101.9: [(535, 536), (537, 538), (539, 543), (544, 549)]
y 103.3: [(541, 543)]
y 104.0: [(541, 543)]
y 104.8: [(541, 543)]
y 105.5: [(541, 543)]
y 106.2: [(541, 543)]
y 106.9: [(541, 542)]
y 107.6: [(541, 543)]
y 108.3: [(541, 543)]
y 118.4: [(527, 655)]
y 119.1: [(527, 656)]
y 119.8: [(527, 656)]
y 120.5: [(527, 656)]
y 128.4: [(605, 605), (611, 627), (630, 632), (633, 634)]
y 129.1: [(604, 605), (609, 627), (630, 634)]
y 129.9: [(604, 605), (609, 627), (630, 634)]
y 130.6: [(604, 607), (609, 628), (630, 634)]
y 131.3: [(604, 607), (609, 628), (630, 634)]
y 132.0: [(604, 607), (609, 629), (630, 634)]
y 132.7: [(604, 607), (609, 629), (630, 632)]
y 133.5: [(602, 602), (604, 629), (630, 634)]
y 134.2: [(602, 634)]
y 134.9: [(602, 606), (607, 634)]
y 135.6: [(604, 632)]
y 136.3: [(604, 632)]
y 137.0: [(604, 632)]
y 137.8: [(604, 632)]
y 138.5: [(604, 615), (621, 632)]
y 139.2: [(605, 614), (616, 632)]
y 139.9: [(604, 632)]
y 140.6: [(604, 613), (614, 632)]
y 141.3: [(604, 613), (614, 632)]
y 142.1: [(604, 613), (614, 634)]
y 142.8: [(604, 613), (614, 634)]
y 143.5: [(566, 571), (602, 613), (614, 634), (697, 700)]
y 144.2: [(566, 571), (602, 613), (614, 635), (697, 700)]
y 144.9: [(565, 573), (602, 613), (614, 634), (696, 701), (799, 800)]
y 145.7: [(563, 574), (602, 636), (696, 701), (799, 800)]
y 146.4: [(563, 574), (602, 611), (612, 613), (614, 636), (694, 694), (696, 701), (703, 704), (799, 800)]
y 147.1: [(563, 574), (602, 611), (613, 613), (614, 622), (623, 636), (693, 695), (696, 700), (703, 704), (799, 800)]
y 147.8: [(562, 575), (600, 636), (693, 704), (799, 800)]
y 148.5: [(562, 575), (600, 611), (612, 623), (625, 637), (693, 704), (799, 800)]
y 149.2: [(562, 575), (600, 609), (611, 612), (613, 623), (625, 637), (694, 704), (799, 800)]
y 150.0: [(562, 575), (599, 611), (613, 637), (694, 696), (698, 700), (701, 704), (800, 800)]
y 150.7: [(562, 575), (599, 611), (613, 625), (626, 637), (697, 701)]
y 151.4: [(562, 575), (599, 611), (613, 625), (626, 637), (697, 701)]
y 152.1: [(562, 575), (598, 639), (697, 701), (702, 702)]
y 152.8: [(562, 575), (597, 608), (610, 610), (611, 625), (627, 639), (696, 698), (700, 703)]
y 153.5: [(562, 574), (575, 596), (597, 610), (611, 639), (640, 702), (703, 736), (773, 800)]
y 154.3: [(562, 738), (771, 800)]
y 155.0: [(562, 739), (769, 800)]
y 155.7: [(562, 740), (769, 800)]
y 156.4: [(562, 740), (771, 800)]
y 157.1: [(562, 741), (769, 800)]
y 157.8: [(562, 741), (769, 800)]
y 158.6: [(562, 741), (771, 800)]