shot 113 121 129 145 153 186 193 209 217 225 249 258 265 273 289 297 305 313
ref    0   1   2   3   4   5   6   7   8   9   2   5  10  11  12  13   7  14
018   15  16  17  18  19  20  21   4  22  23  17  20  24  25  19  26  18  27
042   15  16  17  28  22  20  21   4  22  23  17  20  24  25  29  26  30  31
046   15  16  17  31   4  20  21   4  22  23  17  20  24  25  18  26  30  29
0e8    4   4   4   4   4  32   4   4   4   4   4  32   4   4   4   4   4   4
1d6    4   4   4   4   4  32   4   4   4   4   4  32   4   4   4   4   4   4
229   15  16  17  18  27  20  21   4  22  23  17  20  24  25  31  26  30  30
2f1   15  16  17  28   4  20  21   4  22  23  17  20  24  25  31  26  22  31
330   15  16  17  19   4  20  21   4  22  23  17  20  24  25  28  26  29  18
6ad   15  16  17  28   4  20  21   4  22  23  17  20  24  25  29  26  29  33
6c9   15  16  17  33   4  20  21   4  22  23  17  20  24  25  29  26  29  28
6d6   15  16  17  18  22  20  21   4  22  23  17  20  24  25  27  26  29  19
7ea   15  16  17  28   4  20  21   4  22  23  17  20  24  25  29  26  29  27
80a   15  16  17  18  30  20  21   4  22  23  17  20  24  25  29  26  30  31
8dc   15  16  17  31  34  20  21   4  22  23  17  20  24  25  29  26  30  31
99b   15  16  17  31  18  20  21   4  22  23  17  20  24  25  18  26  18  29
b2e   15  16  17  27   4  20  21   4  19  23  17  20  24  25  29  26  29  18
c2e   15  16  17  30  29  20  21   4  22  23  17  20  24  25  29  26  22  30
c6b   15  16  17  34   4  20  21   4  22  23  17  20  24  25  27  26  18  28
d30   15  16  17  18  33  20  21   4  22  23  17  20  24  25  29  26  30  19
dc9   15  16  17  28   4  20  21   4  22  23  17  20  24  25  29  26  30  27
e61   15  16  17  29  33  20  21   4  22  23  17  20  24  25  29  26  18  34
e68   15  16  17  27   4  20  21   4  22  23  17  20  24  25  30  26  29  31
e91   15  16  17  30  22  20  21  19  19  23  17  20  24  25  30  26  27  18
ff5   15  16  17  31   4  20  21   4  22  23  17  20  24  25  29  26  29  31

unique clusters: 35
