00000000000000000000000000000000000000000000000000000000000000000000000000000000000000000000000000000000000000000011100011000110111111100000000001111100000000000000000000000000000000000011111011111000000000000000000000111000110000100000000000000000111111100011111011000110011111000000000000001100000000000000110001111100
00000000000000000000000000000000000000000000000000000000000000000000000000000000000000000000000000000000000000000111110011000110111111100000000011111110000000000000000000000000000000000011111011111100000000000000000001111100110001100000000000000000111111100011111011000110111111100000000000001100000000000000110011111110
00000000000000000000000000000000000000000000000000000000000000000000000000000000000000000000000000000000000000001111111011000110111111100000000011111110000000000000000000000000000000000011111011111100000000000000000001111100110001100000000000000000111111100011111011101110111111100000000000011100000000000001110011111110
00000000000000000000000000000000000000000000000000000000000000000000000000000000000000000000000000000000000000001111111011000110111111100000000011000110000000000000000000000000000000000011111011111110000000000000000011111110110011100000000000000000111111100011111011111110111111000000000000011100000000000001110011111110
00000000000000000000000000000000000000000000000000000000000000000000000000000000000000000000000000000000000000001100011011000110001110000000000011000110000000000000000000000000000000000001110011001110000000000000000011000110110011000000000000000000001110000001110011111110110000000000000000111100000000000011110011000110
00000000000000000000000000000000000000000000000000000000000000000000000000000000000000000000000000000000000000001100011011000110001110000000000011000110000000000000000000000000000000000001110011000110000000000000000011000110000111000000000000000000001110000001110011111110111100000000000000111100000000000011110000000110
00000000000000000000000000000000000000000000000000000000000000000000000000000000000000000000000000000000000000001100011011000110001110000000000011000110000000000000000000000000000000000001110011000110000000000000000011000110000110000000000000000000001110000001110011111110111110000000000001101100001111100110110000001110
00000000000000000000000000000000000000000000000000000000000000000000000000000000000000000000000000000000000000001100011011000110001110000000000011000110000000000000000000000000000000000001110011000110000000000000000011000110001110000000000000000000001110000001110011010110111110000000000001101100001111100110110000011100
00000000000000000000000000000000000000000000000000000000000000000000000000000000000000000000000000000000000000001100011011000110001110000000000011111110000000000000000000000000000000000001110011000110000000000000000011000110001100000000000000000000001110000001110011000110111100000000000011001110001111101100111000001110
00000000000000000000000000000000000000000000000000000000000000000000000000000000000000000000000000000000000000001100011011000110001110000000000001111110000000000000000000000000000000000001110011000110000000000000000011000110011100000000000000000000001110000001110011000110110000000000000011111110000000001111111000000110
00000000000000000000000000000000000000000000000000000000000000000000000000000000000000000000000000000000000000001100011011000110001110000000000000111110000000000000000000000000000000000001110011000110000000000000000011000110011001100000000000000000001110000001110011000110110000000000000011111110000000001111111011000110
00000000000000000000000000000000000000000000000000000000000000000000000000000000000000000000000000000000000000001111111011111110001110000000000000000110000000000000000000000000000000000011111011000110000000000000000011111110111001100000000000000000001110000011111011000110111111000000000011111110000000001111111011111110
00000000000000000000000000000000000000000000000000000000000000000000000000000000000000000000000000000000000000001111111011111110001110000000000000001110000000000000000000000000000000000011111011000110000000000000000001111100110001100000000000000000001110000011111011000110111111100000000000001100000000000000110011111110
00000000000000000000000000000000000000000000000000000000000000000000000000000000000000000000000000000000000000000111110001111100001110000000000000111100000000000000000000000000000000000011111011000110000000000000000001111100110001100000000000000000001110000011111011000110111111100000000000001100000000000000110011111110
00000000000000000000000000000000000000000000000000000000000000000000000000000000000000000000000000000000000000000011100000111000000100000000000001111100000000000000000000000000000000000011111011000110000000000000000000111000100001100000000000000000000100000011111011000110011111000000000000001100000000000000110001111100
00000000000000000000000000000000000000000000000000000000000000000000000000000000000000000000000000000000000000000000000000000000000000000000000000111000000000000000000000000000000000000000000000000000000000000000000000000000000000000000000000000000000000000000000000000000000000000000000000000000000000000000000000000000