y  0  ** gifOnly:[(0, 473), (507, 514), (531, 542), (563, 578), (593, 660)] gridOnly:[]
     gif  : [(0, 796), (809, 1599)]
     grid : [(474, 506), (515, 530), (543, 562), (579, 592), (661, 673), (695, 736), (760, 772)]
y  1  ** gifOnly:[(0, 473), (507, 515), (592, 661), (674, 694), (737, 759)] gridOnly:[]
     gif  : [(0, 796), (809, 1599)]
     grid : [(474, 506), (516, 591), (662, 673), (695, 736), (760, 771)]
y  2  ** gifOnly:[(0, 473), (507, 516), (591, 662), (771, 794), (842, 1599)] gridOnly:[(808, 808)]
     gif  : [(0, 794), (809, 1599)]
     grid : [(474, 506), (517, 590), (663, 770), (808, 841)]
y  3  ** gifOnly:[(0, 473), (507, 517), (590, 663), (770, 794), (842, 1599)] gridOnly:[(808, 808)]
     gif  : [(0, 794), (809, 1599)]
     grid : [(474, 506), (518, 589), (664, 769), (808, 841)]
y  4  ** gifOnly:[(0, 474), (506, 518), (589, 664), (769, 792), (842, 1599)] gridOnly:[(808, 808)]
     gif  : [(0, 792), (809, 1599)]
     grid : [(475, 505), (519, 588), (665, 768), (808, 841)]
y  5  ** gifOnly:[(0, 475), (505, 519), (588, 665), (768, 791), (842, 1599)] gridOnly:[(808, 808)]
     gif  : [(0, 791), (809, 1599)]
     grid : [(476, 504), (520, 587), (666, 767), (808, 841)]
y  6  ** gifOnly:[(0, 476), (504, 520), (587, 666), (767, 791), (842, 1599)] gridOnly:[(808, 808)]
     gif  : [(0, 791), (809, 1599)]
     grid : [(477, 503), (521, 586), (667, 766), (808, 841)]
y  7  ** gifOnly:[(0, 477), (503, 521), (586, 667), (766, 789), (842, 1599)] gridOnly:[(808, 808)]
     gif  : [(0, 789), (809, 1599)]
     grid : [(478, 502), (522, 585), (668, 765), (808, 841)]
y  8  ** gifOnly:[(0, 478), (502, 522), (585, 668), (765, 767), (784, 789)] gridOnly:[(808, 808)]
     gif  : [(0, 767), (784, 789), (809, 1599)]
     grid : [(479, 501), (523, 584), (669, 764), (808, 841)]
y  9  ** gifOnly:[(0, 479), (501, 523), (531, 542), (563, 578), (584, 669)] gridOnly:[(738, 747), (808, 808)]
     gif  : [(0, 737), (748, 767), (784, 787), (790, 791), (797, 797), (809, 1599)]
     grid : [(480, 500), (524, 530), (543, 562), (579, 583), (670, 763), (808, 841)]
y 10  ** gifOnly:[(0, 480), (500, 524), (531, 542), (563, 578), (583, 670)] gridOnly:[(808, 808)]
     gif  : [(0, 737), (747, 767), (784, 787), (809, 1599)]
     grid : [(481, 499), (525, 530), (543, 562), (579, 582), (671, 673), (695, 736), (760, 762), (808, 841)]
y 11  ** gifOnly:[(0, 481), (499, 525), (531, 542), (563, 578), (582, 671)] gridOnly:[(808, 808)]
     gif  : [(0, 737), (744, 745), (747, 767), (773, 774), (784, 787), (800, 800), (809, 1599)]
     grid : [(482, 498), (526, 530), (543, 562), (579, 581), (672, 673), (695, 736), (760, 761), (808, 841)]
y 12  ** gifOnly:[(0, 481), (499, 526), (531, 542), (563, 578), (581, 672)] gridOnly:[(808, 808)]
     gif  : [(0, 739), (748, 767), (781, 781), (784, 784), (809, 1599)]
     grid : [(482, 498), (527, 530), (543, 562), (579, 580), (673, 673), (695, 736), (760, 760), (808, 841)]
y 13  ** gifOnly:[(0, 481), (499, 527), (531, 542), (563, 578), (580, 694)] gridOnly:[(808, 808)]
     gif  : [(0, 738), (748, 767), (771, 772), (774, 775), (781, 782), (784, 784), (809, 1599)]
     grid : [(482, 498), (528, 530), (543, 562), (579, 579), (695, 736), (808, 841)]
y 14  ** gifOnly:[(0, 481), (499, 528), (531, 542), (563, 694), (748, 767)] gridOnly:[(704, 722), (725, 734), (736, 736), (808, 808)]
     gif  : [(0, 703), (723, 724), (735, 735), (748, 767), (769, 770), (772, 772), (774, 774), (783, 783), (806, 806), (809, 1599)]
     grid : [(482, 498), (529, 530), (543, 562), (695, 736), (808, 841)]
y 15  ** gifOnly:[(0, 481), (499, 529), (531, 542), (563, 703), (723, 724)] gridOnly:[(808, 808)]
     gif  : [(0, 703), (723, 724), (748, 748), (752, 752), (755, 757), (759, 760), (762, 762), (764, 764), (769, 770), (783, 784), (809, 1599)]
     grid : [(482, 498), (530, 530), (543, 562), (808, 841)]
y 16  ** gifOnly:[(0, 481), (499, 703), (723, 724), (755, 756), (758, 758)] gridOnly:[(808, 808)]
     gif  : [(0, 703), (723, 724), (755, 756), (758, 758), (760, 761), (767, 770), (774, 774), (781, 786), (792, 793), (809, 1599)]
     grid : [(482, 498), (808, 841)]
y 17  ** gifOnly:[(0, 481), (499, 703), (722, 722), (755, 756), (758, 758)] gridOnly:[(808, 808)]
     gif  : [(0, 703), (722, 722), (755, 756), (758, 758), (760, 761), (767, 767), (776, 776), (778, 779), (781, 781), (793, 793), (799, 800), (809, 1599)]
     grid : [(482, 498), (808, 841)]
y 18  ** gifOnly:[(0, 481), (499, 703), (716, 716), (722, 722), (727, 728)] gridOnly:[(808, 808)]
     gif  : [(0, 703), (716, 716), (722, 722), (727, 728), (733, 733), (744, 744), (753, 754), (776, 776), (778, 779), (783, 783), (800, 800), (809, 1599)]
     grid : [(482, 498), (808, 841)]
y 19  ** gifOnly:[(0, 481), (499, 703), (716, 716), (727, 728), (731, 731)] gridOnly:[(808, 808)]
     gif  : [(0, 703), (716, 716), (727, 728), (731, 731), (733, 733), (736, 736), (742, 742), (744, 744), (747, 747), (749, 749), (753, 754), (771, 772), (774, 774), (783, 783), (788, 788), (809, 1599)]
     grid : [(482, 498), (808, 841)]
y 20  ** gifOnly:[(0, 481), (499, 703), (729, 729), (731, 731), (733, 733)] gridOnly:[(808, 808)]
     gif  : [(0, 703), (729, 729), (731, 731), (733, 733), (736, 736), (742, 742), (744, 744), (747, 747), (749, 749), (753, 754), (767, 768), (771, 772), (774, 774), (786, 788), (804, 805), (809, 1599)]
     grid : [(482, 498), (808, 841)]
y 21  ** gifOnly:[(0, 406), (471, 481), (499, 611), (804, 805), (842, 1599)] gridOnly:[(704, 708), (710, 728), (730, 732), (734, 740), (743, 749)]
     gif  : [(0, 703), (709, 709), (729, 729), (733, 733), (741, 742), (750, 751), (753, 761), (763, 763), (765, 768), (770, 770), (781, 782), (786, 787), (804, 805), (809, 1599)]
     grid : [(407, 470), (482, 498), (612, 801), (808, 841)]
y 22  ** gifOnly:[(0, 406), (471, 481), (499, 611), (842, 1599)] gridOnly:[(704, 723), (725, 740), (742, 750), (752, 754), (762, 762)]
     gif  : [(0, 703), (724, 724), (741, 741), (751, 751), (755, 761), (763, 763), (765, 765), (770, 770), (772, 773), (781, 781), (809, 1599)]
     grid : [(407, 470), (482, 498), (612, 801), (808, 841)]
y 23  ** gifOnly:[(0, 406), (471, 481), (499, 611), (842, 1599)] gridOnly:[(704, 704), (706, 721), (723, 723), (725, 747), (750, 752)]
     gif  : [(0, 703), (705, 705), (722, 722), (724, 724), (748, 749), (753, 763), (767, 768), (772, 773), (786, 790), (809, 1599)]
     grid : [(407, 470), (482, 498), (612, 801), (808, 841)]
y 24  ** gifOnly:[(0, 406), (471, 481), (499, 611), (842, 1599)] gridOnly:[(704, 704), (706, 721), (723, 745), (747, 747), (750, 752)]
     gif  : [(0, 703), (705, 705), (722, 722), (746, 746), (748, 749), (753, 763), (767, 768), (770, 770), (774, 774), (786, 790), (809, 1599)]
     grid : [(407, 470), (482, 498), (612, 801), (808, 841)]
y 25  ** gifOnly:[(0, 406), (471, 481), (499, 611), (842, 1599)] gridOnly:[(704, 720), (722, 737), (739, 741), (743, 744), (748, 753)]
     gif  : [(0, 703), (721, 721), (738, 738), (742, 742), (745, 747), (754, 761), (766, 767), (769, 770), (773, 774), (809, 1599)]
     grid : [(407, 470), (482, 498), (612, 801), (808, 841)]
y 26  ** gifOnly:[(0, 406), (471, 481), (499, 611), (842, 1599)] gridOnly:[(704, 720), (722, 737), (741, 741), (743, 744), (746, 749)]
     gif  : [(0, 703), (721, 721), (738, 740), (742, 742), (745, 745), (750, 751), (753, 761), (763, 763), (766, 767), (769, 770), (772, 773), (792, 793), (809, 1599)]
     grid : [(407, 470), (482, 498), (612, 801), (808, 841)]
y 27  ** gifOnly:[(0, 406), (471, 481), (499, 611), (842, 1599)] gridOnly:[(705, 705), (709, 709), (711, 711), (713, 713), (715, 715)]
     gif  : [(0, 704), (706, 708), (710, 710), (712, 712), (714, 714), (716, 716), (718, 718), (720, 720), (722, 722), (724, 724), (726, 726), (728, 728), (730, 730), (732, 736), (738, 740), (742, 742), (744, 744), (746, 751), (753, 754), (756, 765), (767, 768), (770, 770), (772, 774), (776, 779), (781, 781), (783, 783), (786, 786), (788, 789), (792, 793), (809, 1599)]
     grid : [(407, 470), (482, 498), (612, 801), (808, 841)]
y 28  ** gifOnly:[(0, 406), (471, 481), (499, 611), (842, 1599)] gridOnly:[(791, 791), (794, 801), (808, 808)]
     gif  : [(0, 790), (792, 793), (809, 1599)]
     grid : [(407, 470), (482, 498), (612, 801), (808, 841)]
y 29  ** gifOnly:[(0, 406), (471, 481), (499, 611), (842, 1599)] gridOnly:[(791, 791), (794, 801), (808, 808)]
     gif  : [(0, 790), (792, 793), (809, 1599)]
     grid : [(407, 470), (482, 498), (612, 801), (808, 841)]
y 30  ** gifOnly:[(0, 406), (471, 481), (499, 611), (842, 1599)] gridOnly:[(794, 796), (798, 801), (808, 808)]
     gif  : [(0, 793), (797, 797), (809, 1599)]
     grid : [(407, 470), (482, 498), (612, 801), (808, 841)]
y 31  ** gifOnly:[(0, 406), (471, 481), (499, 611), (842, 1599)] gridOnly:[(792, 796), (798, 801), (808, 808)]
     gif  : [(0, 791), (797, 797), (809, 1599)]
     grid : [(407, 470), (482, 498), (612, 801), (808, 841)]
y 32  ** gifOnly:[(0, 406), (471, 481), (499, 611), (842, 1599)] gridOnly:[(791, 801), (808, 808)]
     gif  : [(0, 790), (809, 1599)]
     grid : [(407, 470), (482, 498), (612, 801), (808, 841)]
y 33  ** gifOnly:[(0, 406), (471, 481), (499, 611), (842, 1599)] gridOnly:[(792, 801), (808, 808)]
     gif  : [(0, 791), (809, 1599)]
     grid : [(407, 470), (482, 498), (612, 801), (808, 841)]
y 34  ** gifOnly:[(0, 406), (471, 481), (499, 611), (842, 1599)] gridOnly:[(792, 801), (808, 808)]
     gif  : [(0, 791), (809, 1599)]
     grid : [(407, 470), (482, 498), (612, 801), (808, 841)]
y 35  ** gifOnly:[(0, 406), (471, 481), (499, 611), (842, 1599)] gridOnly:[(792, 794), (797, 801), (808, 808)]
     gif  : [(0, 791), (795, 796), (809, 1599)]
     grid : [(407, 470), (482, 498), (612, 801), (808, 841)]
y 36  ** gifOnly:[(0, 406), (471, 481), (499, 611), (802, 802), (842, 1599)] gridOnly:[(792, 800), (808, 808)]
     gif  : [(0, 791), (801, 802), (809, 1599)]
     grid : [(407, 470), (482, 498), (612, 801), (808, 841)]
y 37  ** gifOnly:[(0, 406), (471, 481), (499, 538), (802, 802), (842, 1599)] gridOnly:[(792, 794), (797, 800), (808, 808)]
     gif  : [(0, 791), (795, 796), (801, 802), (809, 1599)]
     grid : [(407, 470), (482, 498), (539, 801), (808, 841)]
y 38  ** gifOnly:[(0, 406), (471, 481), (499, 538), (842, 1599)] gridOnly:[(792, 794), (797, 801), (808, 808)]
     gif  : [(0, 791), (795, 796), (809, 1599)]
     grid : [(407, 470), (482, 498), (539, 801), (808, 841)]
y 39  ** gifOnly:[(0, 406), (471, 481), (499, 538), (842, 1599)] gridOnly:[(792, 798), (800, 801), (808, 808)]
     gif  : [(0, 791), (799, 799), (809, 1599)]
     grid : [(407, 470), (482, 498), (539, 801), (808, 841)]
y 40  ** gifOnly:[(0, 406), (471, 481), (499, 538), (842, 1599)] gridOnly:[(704, 749), (752, 761), (764, 770), (773, 786), (792, 798)]
     gif  : [(0, 703), (750, 751), (762, 763), (771, 772), (787, 791), (799, 799), (809, 1599)]
     grid : [(407, 470), (482, 498), (539, 801), (808, 841)]
y 41  ** gifOnly:[(0, 406), (471, 481), (499, 538), (806, 806), (842, 1599)] gridOnly:[(704, 723), (725, 745), (748, 764), (767, 770), (773, 786)]
     gif  : [(0, 703), (724, 724), (746, 747), (765, 766), (771, 772), (787, 791), (806, 806), (809, 1599)]
     grid : [(407, 470), (482, 498), (539, 801), (808, 841)]
y 42  ** gifOnly:[(0, 406), (471, 481), (499, 538), (806, 806), (842, 1599)] gridOnly:[(704, 709), (711, 723), (725, 745), (747, 752), (755, 764)]
     gif  : [(0, 703), (710, 710), (724, 724), (746, 746), (753, 754), (765, 765), (786, 791), (806, 806), (809, 1599)]
     grid : [(407, 470), (482, 498), (539, 801), (808, 841)]
y 43  ** gifOnly:[(0, 406), (471, 481), (499, 538), (842, 1599)] gridOnly:[(704, 709), (711, 752), (755, 766), (769, 778), (780, 780)]
     gif  : [(0, 703), (710, 710), (753, 754), (767, 768), (779, 779), (781, 782), (786, 791), (809, 1599)]
     grid : [(407, 470), (482, 498), (539, 801), (808, 841)]
y 44  ** gifOnly:[(0, 406), (471, 481), (499, 538), (842, 1599)] gridOnly:[(704, 766), (769, 778), (783, 787), (791, 801), (808, 808)]
     gif  : [(0, 703), (767, 768), (779, 782), (788, 790), (809, 1599)]
     grid : [(407, 470), (482, 498), (539, 801), (808, 841)]
y 45  ** gifOnly:[(0, 398), (477, 481), (499, 538), (842, 1599)] gridOnly:[(704, 747), (750, 762), (764, 785), (792, 801), (808, 808)]
     gif  : [(0, 703), (748, 749), (763, 763), (786, 791), (809, 1599)]
     grid : [(399, 476), (482, 498), (539, 801), (808, 841)]
y 46  ** gifOnly:[(0, 398), (477, 481), (499, 538), (842, 1599)] gridOnly:[(704, 747), (750, 766), (768, 769), (771, 786), (792, 801)]
     gif  : [(0, 703), (748, 749), (767, 767), (770, 770), (787, 791), (809, 1599)]
     grid : [(399, 476), (482, 498), (539, 801), (808, 841)]
y 47  ** gifOnly:[(0, 398), (477, 481), (499, 538), (842, 1599)] gridOnly:[(704, 721), (723, 744), (746, 747), (750, 765), (768, 769)]
     gif  : [(0, 703), (722, 722), (745, 745), (748, 749), (766, 767), (770, 770), (786, 791), (809, 1599)]
     grid : [(399, 476), (482, 498), (539, 801), (808, 841)]
y 48  ** gifOnly:[(0, 398), (477, 481), (499, 538), (842, 1599)] gridOnly:[(704, 721), (723, 771), (774, 780), (783, 785), (792, 798)]
     gif  : [(0, 703), (722, 722), (772, 773), (781, 782), (786, 791), (799, 800), (809, 1599)]
     grid : [(399, 476), (482, 498), (539, 801), (808, 841)]
y 49  ** gifOnly:[(0, 398), (477, 481), (499, 538), (842, 1599)] gridOnly:[(704, 771), (774, 780), (783, 787), (792, 798), (801, 801)]
     gif  : [(0, 703), (772, 773), (781, 782), (788, 791), (799, 800), (809, 1599)]
     grid : [(399, 476), (482, 498), (539, 801), (808, 841)]
y 50  ** gifOnly:[(0, 398), (477, 481), (499, 538), (802, 803), (842, 1599)] gridOnly:[(704, 704), (706, 727), (729, 763), (766, 785), (792, 801)]
     gif  : [(0, 703), (705, 705), (728, 728), (764, 765), (786, 791), (802, 803), (809, 1599)]
     grid : [(399, 476), (482, 498), (539, 801), (808, 841)]
y 51  ** gifOnly:[(0, 398), (477, 481), (499, 538), (842, 1599)] gridOnly:[(704, 746), (748, 757), (759, 785), (792, 801), (808, 808)]
     gif  : [(0, 703), (747, 747), (758, 758), (786, 791), (809, 1599)]
     grid : [(399, 476), (482, 498), (539, 801), (808, 841)]
y 52  ** gifOnly:[(0, 398), (477, 481), (499, 538), (842, 1599)] gridOnly:[(704, 746), (748, 757), (759, 786), (792, 801), (808, 808)]
     gif  : [(0, 703), (747, 747), (758, 758), (787, 791), (809, 1599)]
     grid : [(399, 476), (482, 498), (539, 801), (808, 841)]
y 53  ** gifOnly:[(0, 398), (477, 481), (499, 509), (842, 1599)] gridOnly:[(704, 704), (706, 709), (711, 723), (725, 743), (746, 765)]
     gif  : [(0, 703), (705, 705), (710, 710), (724, 724), (744, 745), (766, 767), (771, 772), (787, 791), (809, 1599)]
     grid : [(399, 476), (482, 498), (510, 801), (808, 841)]
y 54  ** gifOnly:[(0, 398), (477, 481), (499, 509), (842, 1599)] gridOnly:[(704, 704), (706, 709), (711, 723), (725, 743), (745, 751)]
     gif  : [(0, 703), (705, 705), (710, 710), (724, 724), (744, 744), (752, 753), (767, 767), (771, 772), (787, 791), (809, 1599)]
     grid : [(399, 476), (482, 498), (510, 801), (808, 841)]
y 55  ** gifOnly:[(0, 398), (477, 481), (499, 509), (842, 1599)] gridOnly:[(704, 709), (713, 722), (726, 747), (750, 785), (792, 793)]
     gif  : [(0, 703), (710, 712), (723, 725), (748, 749), (786, 791), (809, 1599)]
     grid : [(399, 476), (482, 498), (510, 793), (808, 841)]
y 56  ** gifOnly:[(0, 398), (477, 481), (499, 509), (842, 1599)] gridOnly:[(704, 710), (713, 722), (726, 747), (750, 787), (791, 793)]
     gif  : [(0, 703), (711, 712), (723, 725), (748, 749), (788, 790), (809, 1599)]
     grid : [(399, 476), (482, 498), (510, 793), (808, 841)]
y 57  ** gifOnly:[(0, 398), (477, 481), (499, 509), (842, 1599)] gridOnly:[(704, 710), (713, 722), (726, 734), (736, 747), (750, 785)]
     gif  : [(0, 703), (711, 712), (723, 725), (735, 735), (748, 749), (786, 791), (809, 1599)]
     grid : [(399, 476), (482, 498), (510, 793), (808, 841)]
y 58  ** gifOnly:[(0, 398), (477, 481), (499, 509), (794, 807), (842, 1599)] gridOnly:[(704, 711), (715, 717), (720, 720), (729, 730), (735, 743)]
     gif  : [(0, 703), (712, 714), (718, 719), (721, 728), (731, 734), (744, 1599)]
     grid : [(399, 476), (482, 498), (510, 793), (808, 841)]
y 59  ** gifOnly:[(0, 398), (477, 481), (499, 509), (794, 807), (842, 1599)] gridOnly:[(704, 711), (715, 720), (729, 730), (735, 743)]
     gif  : [(0, 703), (712, 714), (721, 728), (731, 734), (744, 1599)]
     grid : [(399, 476), (482, 498), (510, 793), (808, 841)]
y 60  ** gifOnly:[(0, 398), (477, 481), (499, 509), (804, 804), (842, 1599)] gridOnly:[(704, 711), (734, 754), (757, 764), (766, 772), (775, 785)]
     gif  : [(0, 703), (712, 733), (755, 756), (765, 765), (773, 774), (786, 791), (804, 804), (809, 1599)]
     grid : [(399, 476), (482, 498), (510, 793), (808, 841)]
y 61  ** gifOnly:[(0, 398), (477, 481), (499, 509), (804, 804), (807, 807)] gridOnly:[(704, 711), (734, 754), (757, 763), (766, 773), (775, 786)]
     gif  : [(0, 703), (712, 733), (755, 756), (764, 765), (774, 774), (787, 791), (804, 804), (807, 807), (809, 1599)]
     grid : [(399, 476), (482, 498), (510, 793), (808, 841)]
y 62  ** gifOnly:[(0, 398), (477, 481), (499, 509), (804, 804), (806, 807)] gridOnly:[(704, 711), (734, 754), (757, 787), (791, 793), (808, 808)]
     gif  : [(0, 703), (712, 733), (755, 756), (788, 790), (804, 804), (806, 807), (809, 1599)]
     grid : [(399, 476), (482, 498), (510, 793), (808, 841)]
y 63  ** gifOnly:[(0, 398), (477, 481), (499, 509), (842, 1599)] gridOnly:[(704, 711), (733, 742), (745, 785), (792, 793), (808, 808)]
     gif  : [(0, 703), (712, 732), (743, 744), (786, 791), (809, 1599)]
     grid : [(399, 476), (482, 498), (510, 793), (808, 841)]
y 64  ** gifOnly:[(0, 398), (477, 481), (499, 509), (842, 1599)] gridOnly:[(704, 711), (733, 742), (745, 765), (768, 785), (792, 793)]
     gif  : [(0, 703), (712, 732), (743, 744), (766, 767), (786, 791), (809, 1599)]
     grid : [(399, 476), (482, 498), (510, 793), (808, 841)]
y 65  ** gifOnly:[(0, 385), (477, 481), (499, 509), (842, 1599)] gridOnly:[(704, 710), (732, 746), (748, 786), (792, 793), (808, 808)]
     gif  : [(0, 703), (711, 731), (747, 747), (787, 791), (809, 1599)]
     grid : [(386, 476), (482, 498), (510, 793), (808, 841)]
y 66  ** gifOnly:[(0, 385), (477, 481), (499, 509), (842, 1599)] gridOnly:[(704, 710), (732, 746), (748, 751), (754, 786), (792, 793)]
     gif  : [(0, 703), (711, 731), (747, 747), (752, 753), (787, 791), (809, 1599)]
     grid : [(386, 476), (482, 498), (510, 793), (808, 841)]
y 67  ** gifOnly:[(0, 385), (477, 481), (499, 509), (842, 1599)] gridOnly:[(704, 709), (733, 746), (748, 751), (753, 785), (792, 793)]
     gif  : [(0, 703), (710, 732), (747, 747), (752, 752), (786, 791), (809, 1599)]
     grid : [(386, 476), (482, 498), (510, 793), (808, 841)]
y 68  ** gifOnly:[(0, 385), (477, 481), (499, 509), (842, 1599)] gridOnly:[(704, 705), (734, 746), (748, 785), (792, 793), (808, 808)]
     gif  : [(0, 703), (706, 733), (747, 747), (786, 791), (809, 1599)]
     grid : [(386, 476), (482, 498), (510, 793), (808, 841)]
y 69  ** gifOnly:[(0, 385), (477, 481), (499, 509), (842, 1599)] gridOnly:[(704, 704), (734, 785), (792, 793), (808, 808)]
     gif  : [(0, 703), (705, 733), (786, 791), (809, 1599)]
     grid : [(386, 476), (482, 498), (510, 793), (808, 841)]
y 70  ** gifOnly:[(0, 385), (477, 481), (499, 509), (806, 806), (842, 1599)] gridOnly:[(704, 708), (736, 744), (746, 772), (775, 786), (792, 793)]
     gif  : [(0, 703), (709, 735), (745, 745), (773, 774), (787, 791), (806, 806), (809, 1599)]
     grid : [(386, 476), (482, 498), (510, 793), (808, 841)]
y 71  ** gifOnly:[(0, 385), (477, 481), (499, 509), (806, 806), (842, 1599)] gridOnly:[(704, 708), (738, 772), (775, 784), (792, 793), (808, 808)]
     gif  : [(0, 703), (709, 737), (773, 774), (785, 791), (806, 806), (809, 1599)]
     grid : [(386, 476), (482, 498), (510, 793), (808, 841)]
y 72  ** gifOnly:[(0, 385), (477, 481), (499, 509), (842, 1599)] gridOnly:[(704, 710), (738, 775), (777, 784), (792, 793), (808, 808)]
     gif  : [(0, 703), (711, 737), (776, 776), (785, 791), (809, 1599)]
     grid : [(386, 476), (482, 498), (510, 793), (808, 841)]
y 73  ** gifOnly:[(0, 385), (477, 481), (499, 509), (842, 1599)] gridOnly:[(704, 711), (736, 764), (767, 787), (792, 793), (808, 808)]
     gif  : [(0, 703), (712, 735), (765, 766), (788, 791), (809, 1599)]
     grid : [(386, 476), (482, 498), (510, 793), (808, 841)]
y 74  ** gifOnly:[(0, 385), (477, 481), (499, 509), (765, 765), (788, 791)] gridOnly:[(704, 711), (736, 747), (808, 808)]
     gif  : [(0, 703), (712, 735), (765, 765), (788, 791), (809, 1599)]
     grid : [(386, 476), (482, 498), (510, 747), (808, 841)]
y 75  ** gifOnly:[(0, 385), (477, 481), (499, 509), (767, 768), (786, 791)] gridOnly:[(704, 713), (732, 737), (739, 741), (743, 747), (808, 808)]
     gif  : [(0, 703), (714, 731), (738, 738), (742, 742), (767, 768), (786, 791), (809, 1599)]
     grid : [(386, 476), (482, 498), (510, 747), (808, 841)]
y 76  ** gifOnly:[(0, 385), (477, 481), (499, 509), (767, 768), (787, 791)] gridOnly:[(704, 713), (732, 737), (739, 741), (743, 747), (808, 808)]
     gif  : [(0, 703), (714, 731), (738, 738), (742, 742), (767, 768), (787, 791), (809, 1599)]
     grid : [(386, 476), (482, 498), (510, 747), (808, 841)]
y 77  ** gifOnly:[(0, 385), (477, 481), (499, 509), (767, 768), (788, 791)] gridOnly:[(704, 713), (733, 737), (739, 741), (743, 747), (808, 808)]
     gif  : [(0, 703), (714, 732), (738, 738), (742, 742), (767, 768), (788, 791), (809, 1599)]
     grid : [(386, 476), (482, 498), (510, 747), (808, 841)]
y 78  ** gifOnly:[(0, 385), (477, 481), (499, 509), (748, 778), (787, 791)] gridOnly:[(808, 808)]
     gif  : [(0, 778), (787, 791), (809, 1599)]
     grid : [(386, 476), (482, 498), (510, 747), (808, 841)]
y 79  ** gifOnly:[(0, 385), (469, 481), (499, 509), (748, 778), (786, 791)] gridOnly:[(808, 808)]
     gif  : [(0, 778), (786, 791), (809, 1599)]
     grid : [(386, 468), (482, 498), (510, 747), (808, 841)]
y 80  ** gifOnly:[(0, 385), (473, 481), (499, 509), (752, 753), (788, 790)] gridOnly:[(704, 711), (716, 718), (720, 720), (728, 730), (734, 747)]
     gif  : [(0, 703), (712, 715), (719, 719), (721, 727), (731, 733), (752, 753), (788, 790), (809, 1599)]
     grid : [(386, 472), (482, 498), (510, 747), (808, 841)]
y 81  ** gifOnly:[(0, 385), (473, 481), (499, 509), (786, 791), (842, 1599)] gridOnly:[(704, 710), (716, 718), (720, 721), (728, 730), (735, 747)]
     gif  : [(0, 703), (711, 715), (719, 719), (722, 727), (731, 734), (786, 791), (809, 1599)]
     grid : [(386, 472), (482, 498), (510, 747), (808, 841)]
y 82  ** gifOnly:[(0, 385), (473, 481), (499, 509), (786, 791), (842, 1599)] gridOnly:[(704, 710), (714, 722), (727, 732), (735, 747), (808, 808)]
     gif  : [(0, 703), (711, 713), (723, 726), (733, 734), (786, 791), (809, 1599)]
     grid : [(386, 472), (482, 498), (510, 747), (808, 841)]
y 83  ** gifOnly:[(0, 385), (473, 481), (499, 509), (786, 791), (842, 1599)] gridOnly:[(704, 709), (711, 723), (726, 734), (736, 742), (745, 747)]
     gif  : [(0, 703), (710, 710), (724, 725), (735, 735), (743, 744), (786, 791), (809, 1599)]
     grid : [(386, 472), (482, 498), (510, 747), (808, 841)]
y 84  ** gifOnly:[(0, 385), (473, 481), (499, 509), (786, 791), (842, 1599)] gridOnly:[(704, 709), (711, 715), (717, 723), (726, 734), (736, 742)]
     gif  : [(0, 703), (710, 710), (716, 716), (724, 725), (735, 735), (743, 744), (786, 791), (809, 1599)]
     grid : [(386, 472), (482, 498), (510, 747), (808, 841)]
y 85  ** gifOnly:[(0, 385), (473, 481), (499, 509), (786, 791), (795, 795)] gridOnly:[(704, 715), (717, 724), (726, 747), (808, 808)]
     gif  : [(0, 703), (716, 716), (725, 725), (786, 791), (795, 795), (809, 1599)]
     grid : [(386, 472), (482, 498), (510, 747), (808, 841)]
y 86  ** gifOnly:[(0, 385), (473, 481), (499, 509), (771, 772), (788, 790)] gridOnly:[(704, 747), (808, 808)]
     gif  : [(0, 703), (771, 772), (788, 790), (794, 795), (809, 1599)]
     grid : [(386, 472), (482, 498), (510, 747), (808, 841)]
y 87  ** gifOnly:[(0, 385), (473, 481), (499, 509), (767, 767), (771, 772)] gridOnly:[(704, 747), (808, 808)]
     gif  : [(0, 703), (767, 767), (771, 772), (786, 791), (809, 1599)]
     grid : [(386, 472), (482, 498), (510, 747), (808, 841)]
y 88  ** gifOnly:[(0, 385), (473, 481), (499, 509), (767, 767), (786, 791)] gridOnly:[(704, 744), (746, 747), (808, 808)]
     gif  : [(0, 703), (745, 745), (767, 767), (786, 791), (804, 805), (809, 1599)]
     grid : [(386, 472), (482, 498), (510, 747), (808, 841)]
y 89  ** gifOnly:[(0, 385), (473, 481), (499, 509), (787, 790), (792, 793)] gridOnly:[(704, 736), (739, 747), (808, 808)]
     gif  : [(0, 703), (737, 738), (787, 790), (792, 793), (804, 805), (809, 1599)]
     grid : [(386, 472), (482, 498), (510, 747), (808, 841)]
y 90  ** gifOnly:[(0, 385), (473, 481), (499, 509), (754, 754), (758, 758)] gridOnly:[(704, 736), (739, 740), (743, 747), (808, 808)]
     gif  : [(0, 703), (737, 738), (741, 742), (754, 754), (758, 758), (787, 793), (809, 1599)]
     grid : [(386, 472), (482, 498), (510, 747), (808, 841)]
y 91  ** gifOnly:[(0, 385), (473, 481), (499, 509), (749, 749), (752, 752)] gridOnly:[(704, 711), (713, 740), (743, 747), (808, 808)]
     gif  : [(0, 703), (712, 712), (741, 742), (749, 749), (752, 752), (754, 754), (758, 759), (767, 768), (786, 791), (809, 1599)]
     grid : [(386, 472), (482, 498), (510, 747), (808, 841)]
y 92  ** gifOnly:[(0, 385), (473, 481), (499, 509), (749, 749), (764, 765)] gridOnly:[(704, 706), (708, 711), (713, 747), (808, 808)]
     gif  : [(0, 703), (707, 707), (712, 712), (749, 749), (764, 765), (767, 768), (786, 791), (809, 1599)]
     grid : [(386, 472), (482, 498), (510, 747), (808, 841)]
y 93  ** gifOnly:[(0, 384), (473, 481), (499, 509), (748, 749), (754, 754)] gridOnly:[(704, 706), (708, 731), (734, 742), (745, 747), (808, 808)]
     gif  : [(0, 703), (707, 707), (732, 733), (743, 744), (748, 749), (754, 754), (764, 765), (786, 791), (809, 1599)]
     grid : [(385, 472), (482, 498), (510, 747), (808, 841)]
y 94  ** gifOnly:[(0, 384), (473, 481), (499, 509), (748, 749), (754, 754)] gridOnly:[(704, 731), (734, 742), (745, 747), (808, 808)]
     gif  : [(0, 703), (732, 733), (743, 744), (748, 749), (754, 754), (786, 791), (809, 1599)]
     grid : [(385, 472), (482, 498), (510, 747), (808, 841)]
y 95  ** gifOnly:[(0, 384), (473, 481), (499, 509), (787, 791), (842, 1599)] gridOnly:[(704, 747), (808, 808)]
     gif  : [(0, 703), (787, 791), (809, 1599)]
     grid : [(385, 472), (482, 498), (510, 747), (808, 841)]
y 96  ** gifOnly:[(0, 384), (473, 481), (499, 509), (770, 770), (786, 791)] gridOnly:[(704, 738), (741, 747), (808, 808)]
     gif  : [(0, 703), (739, 740), (770, 770), (786, 791), (809, 1599)]
     grid : [(385, 472), (482, 498), (510, 747), (808, 841)]
y 97  ** gifOnly:[(0, 384), (473, 481), (499, 509), (767, 767), (770, 770)] gridOnly:[(704, 747), (808, 808)]
     gif  : [(0, 703), (767, 767), (770, 770), (786, 791), (809, 1599)]
     grid : [(385, 472), (482, 498), (510, 747), (808, 841)]
y 98  ** gifOnly:[(0, 384), (473, 481), (499, 509), (755, 807), (842, 1599)] gridOnly:[(704, 741), (743, 747)]
     gif  : [(0, 703), (742, 742), (755, 1599)]
     grid : [(385, 472), (482, 498), (510, 747), (808, 841)]
y 99  ** gifOnly:[(0, 384), (473, 481), (499, 509), (750, 751), (755, 807)] gridOnly:[(704, 741), (743, 743), (746, 747)]
     gif  : [(0, 703), (742, 742), (744, 745), (750, 751), (755, 1599)]
     grid : [(385, 472), (482, 498), (510, 747), (808, 841)]
y100  ** gifOnly:[(0, 384), (473, 481), (499, 509), (750, 751), (755, 807)] gridOnly:[(704, 739), (741, 743), (746, 747)]
     gif  : [(0, 703), (740, 740), (744, 745), (750, 751), (755, 1599)]
     grid : [(385, 472), (482, 498), (510, 747), (808, 841)]
y101  ** gifOnly:[(0, 384), (473, 481), (499, 509), (752, 752), (779, 780)] gridOnly:[(704, 708), (710, 732), (734, 739), (741, 747), (808, 808)]
     gif  : [(0, 703), (709, 709), (733, 733), (740, 740), (752, 752), (779, 780), (787, 791), (794, 795), (809, 1599)]
     grid : [(385, 472), (482, 498), (510, 747), (808, 841)]
y102  ** gifOnly:[(0, 384), (473, 481), (499, 509), (752, 752), (779, 780)] gridOnly:[(704, 708), (710, 732), (734, 747), (808, 808)]
     gif  : [(0, 703), (709, 709), (733, 733), (752, 752), (779, 780), (787, 791), (809, 1599)]
     grid : [(385, 472), (482, 498), (510, 747), (808, 841)]
y103  ** gifOnly:[(0, 384), (473, 481), (499, 509), (786, 791), (842, 1599)] gridOnly:[(705, 747), (808, 808)]
     gif  : [(0, 704), (786, 791), (809, 1599)]
     grid : [(385, 472), (482, 498), (510, 747), (808, 841)]
y104  ** gifOnly:[(0, 384), (473, 481), (499, 509), (786, 791), (842, 1599)] gridOnly:[(705, 747), (808, 808)]
     gif  : [(0, 704), (786, 791), (809, 1599)]
     grid : [(385, 472), (482, 498), (510, 747), (808, 841)]
y105  ** gifOnly:[(0, 384), (473, 481), (499, 509), (788, 790), (842, 1599)] gridOnly:[(704, 747), (808, 808)]
     gif  : [(0, 703), (788, 790), (809, 1599)]
     grid : [(385, 472), (482, 498), (510, 747), (808, 841)]
y106  ** gifOnly:[(0, 384), (473, 481), (499, 509), (781, 782), (786, 791)] gridOnly:[(704, 747), (808, 808)]
     gif  : [(0, 703), (781, 782), (786, 791), (809, 1599)]
     grid : [(385, 472), (482, 498), (510, 747), (808, 841)]
y107  ** gifOnly:[(0, 384), (473, 481), (499, 509), (781, 782), (787, 791)] gridOnly:[(704, 747), (808, 808)]
     gif  : [(0, 703), (781, 782), (787, 791), (809, 1599)]
     grid : [(385, 472), (482, 498), (510, 747), (808, 841)]
y108  ** gifOnly:[(0, 384), (473, 481), (499, 509), (767, 768), (786, 791)] gridOnly:[(704, 705), (707, 725), (727, 734), (736, 740), (743, 747)]
     gif  : [(0, 703), (706, 706), (726, 726), (735, 735), (741, 742), (767, 768), (786, 791), (809, 1599)]
     grid : [(385, 472), (482, 498), (510, 747), (808, 841)]
y109  ** gifOnly:[(0, 384), (473, 481), (499, 509), (767, 768), (786, 791)] gridOnly:[(704, 705), (707, 725), (727, 734), (736, 740), (743, 747)]
     gif  : [(0, 703), (706, 706), (726, 726), (735, 735), (741, 742), (767, 768), (786, 791), (809, 1599)]
     grid : [(385, 472), (482, 498), (510, 747), (808, 841)]
y110  ** gifOnly:[(0, 384), (473, 481), (499, 509), (787, 791), (842, 1599)] gridOnly:[(704, 747), (808, 808)]
     gif  : [(0, 703), (787, 791), (809, 1599)]
     grid : [(385, 472), (482, 498), (510, 747), (808, 841)]
y111  ** gifOnly:[(0, 384), (473, 481), (499, 509), (754, 754), (786, 791)] gridOnly:[(704, 704), (707, 738), (740, 747), (808, 808)]
     gif  : [(0, 703), (705, 706), (739, 739), (754, 754), (786, 791), (809, 1599)]
     grid : [(385, 472), (482, 498), (510, 747), (808, 841)]
y112  ** gifOnly:[(0, 384), (473, 481), (499, 509), (780, 781), (785, 791)] gridOnly:[(704, 704), (708, 738), (741, 747), (808, 808)]
     gif  : [(0, 703), (705, 707), (739, 740), (780, 781), (785, 791), (797, 797), (809, 1599)]
     grid : [(385, 472), (482, 498), (510, 747), (808, 841)]
y113  ** gifOnly:[(0, 384), (473, 481), (499, 509), (780, 781), (785, 791)] gridOnly:[(704, 706), (708, 747), (808, 808)]
     gif  : [(0, 703), (707, 707), (780, 781), (785, 791), (797, 797), (809, 1599)]
     grid : [(385, 472), (482, 498), (510, 747), (808, 841)]
y114  ** gifOnly:[(0, 384), (472, 481), (499, 527), (676, 704), (708, 708)] gridOnly:[(808, 808)]
     gif  : [(0, 704), (708, 708), (722, 722), (728, 728), (752, 753), (788, 791), (809, 1599)]
     grid : [(385, 471), (482, 498), (528, 675), (808, 841)]
y115  ** gifOnly:[(0, 384), (472, 481), (499, 527), (676, 704), (708, 708)] gridOnly:[(808, 808)]
     gif  : [(0, 704), (708, 708), (722, 722), (728, 728), (786, 791), (809, 1599)]
     grid : [(385, 471), (482, 498), (528, 675), (808, 841)]
y116  ** gifOnly:[(0, 384), (472, 481), (499, 527), (676, 703), (786, 790)] gridOnly:[(808, 808)]
     gif  : [(0, 703), (786, 790), (809, 1599)]
     grid : [(385, 471), (482, 498), (528, 675), (808, 841)]
y117  ** gifOnly:[(0, 384), (472, 481), (499, 527), (676, 703), (788, 790)] gridOnly:[(808, 808)]
     gif  : [(0, 703), (788, 790), (809, 1599)]
     grid : [(385, 471), (482, 498), (528, 675), (808, 841)]
y118  ** gifOnly:[(0, 384), (472, 481), (499, 526), (676, 703), (787, 791)] gridOnly:[(808, 808)]
     gif  : [(0, 703), (787, 791), (809, 1599)]
     grid : [(385, 471), (482, 498), (527, 675), (808, 841)]
y119  ** gifOnly:[(0, 384), (472, 481), (499, 526), (676, 703), (708, 708)] gridOnly:[]
     gif  : [(0, 703), (708, 708), (719, 719), (732, 1599)]
     grid : [(385, 471), (482, 498), (527, 675), (808, 841)]
y120  ** gifOnly:[(0, 384), (472, 481), (499, 526), (676, 703), (708, 708)] gridOnly:[]
     gif  : [(0, 703), (708, 708), (732, 1599)]
     grid : [(385, 471), (482, 498), (527, 675), (808, 841)]
y121  ** gifOnly:[(0, 384), (472, 481), (499, 526), (676, 703), (717, 717)] gridOnly:[(808, 808)]
     gif  : [(0, 703), (717, 717), (740, 740), (787, 791), (809, 1599)]
     grid : [(385, 471), (482, 498), (527, 675), (808, 841)]
y122  ** gifOnly:[(0, 384), (472, 481), (499, 526), (676, 703), (788, 791)] gridOnly:[(808, 808)]
     gif  : [(0, 703), (788, 791), (809, 1599)]
     grid : [(385, 471), (482, 498), (527, 675), (808, 841)]
y123  ** gifOnly:[(0, 384), (472, 481), (499, 526), (676, 703), (788, 790)] gridOnly:[(808, 808)]
     gif  : [(0, 703), (788, 790), (809, 1599)]
     grid : [(385, 471), (482, 498), (527, 675), (808, 841)]
y124  ** gifOnly:[(0, 384), (472, 481), (499, 526), (676, 703), (716, 717)] gridOnly:[(808, 808)]
     gif  : [(0, 703), (716, 717), (738, 738), (786, 791), (809, 1599)]
     grid : [(385, 471), (482, 498), (527, 675), (808, 841)]
y125  ** gifOnly:[(0, 384), (472, 481), (499, 526), (676, 703), (716, 716)] gridOnly:[(808, 808)]
     gif  : [(0, 703), (716, 716), (738, 738), (783, 783), (786, 791), (799, 799), (809, 1599)]
     grid : [(385, 471), (482, 498), (527, 675), (808, 841)]
y126  ** gifOnly:[(0, 384), (472, 481), (499, 526), (676, 703), (709, 710)] gridOnly:[(808, 808)]
     gif  : [(0, 703), (709, 710), (718, 719), (727, 728), (733, 733), (737, 737), (752, 752), (787, 791), (794, 795), (809, 1599)]
     grid : [(385, 471), (482, 498), (527, 675), (808, 841)]
y127  ** gifOnly:[(0, 407), (472, 481), (499, 526), (676, 703), (787, 791)] gridOnly:[(808, 808)]
     gif  : [(0, 703), (787, 791), (809, 1599)]
     grid : [(408, 471), (482, 498), (527, 675), (808, 841)]
y128  ** gifOnly:[(0, 407), (472, 481), (499, 526), (676, 703), (715, 715)] gridOnly:[(808, 808)]
     gif  : [(0, 703), (715, 715), (786, 791), (809, 1599)]
     grid : [(408, 471), (482, 498), (527, 675), (808, 841)]
y129  ** gifOnly:[(0, 407), (472, 481), (499, 526), (676, 703), (712, 712)] gridOnly:[(808, 808)]
     gif  : [(0, 703), (712, 712), (719, 719), (721, 722), (742, 742), (786, 791), (809, 1599)]
     grid : [(408, 471), (482, 498), (527, 675), (808, 841)]
y130  ** gifOnly:[(0, 407), (472, 481), (499, 526), (676, 703), (712, 712)] gridOnly:[(808, 808)]
     gif  : [(0, 703), (712, 712), (719, 719), (722, 722), (786, 791), (809, 1599)]
     grid : [(408, 471), (482, 498), (527, 675), (808, 841)]
y131  ** gifOnly:[(0, 407), (472, 481), (499, 526), (676, 703), (746, 746)] gridOnly:[(808, 808)]
     gif  : [(0, 703), (746, 746), (787, 791), (794, 794), (809, 1599)]
     grid : [(408, 471), (482, 498), (527, 675), (808, 841)]
y132  ** gifOnly:[(0, 407), (472, 481), (499, 526), (676, 703), (709, 709)] gridOnly:[]
     gif  : [(0, 703), (709, 709), (717, 717), (729, 729), (786, 791), (808, 1599)]
     grid : [(408, 471), (482, 498), (527, 675), (808, 841)]
y133  ** gifOnly:[(0, 407), (472, 481), (499, 526), (676, 703), (705, 705)] gridOnly:[]
     gif  : [(0, 703), (705, 705), (709, 709), (717, 717), (722, 722), (725, 726), (736, 736), (739, 740), (786, 791), (808, 1599)]
     grid : [(408, 471), (482, 498), (527, 675), (808, 841)]
y134  ** gifOnly:[(0, 407), (472, 481), (499, 526), (655, 703), (716, 717)] gridOnly:[]
     gif  : [(0, 703), (716, 717), (720, 720), (740, 740), (788, 790), (799, 799), (807, 1599)]
     grid : [(408, 471), (482, 498), (527, 654), (808, 841)]
y135  ** gifOnly:[(0, 407), (472, 481), (499, 526), (655, 703), (710, 710)] gridOnly:[]
     gif  : [(0, 703), (710, 710), (713, 713), (716, 717), (720, 720), (724, 724), (740, 740), (750, 751), (788, 790), (799, 799), (807, 1599)]
     grid : [(408, 471), (482, 498), (527, 654), (808, 841)]
y136  ** gifOnly:[(0, 407), (472, 481), (499, 526), (655, 703), (706, 706)] gridOnly:[]
     gif  : [(0, 703), (706, 706), (709, 710), (727, 728), (738, 738), (786, 791), (808, 1599)]
     grid : [(408, 471), (482, 498), (527, 654), (808, 841)]
y137  ** gifOnly:[(0, 407), (472, 481), (499, 526), (655, 703), (709, 709)] gridOnly:[]
     gif  : [(0, 703), (709, 709), (711, 711), (727, 728), (738, 738), (787, 791), (808, 1599)]
     grid : [(408, 471), (482, 498), (527, 654), (808, 841)]
y138  ** gifOnly:[(0, 407), (472, 481), (499, 526), (655, 703), (706, 706)] gridOnly:[]
     gif  : [(0, 703), (706, 706), (709, 711), (718, 719), (724, 724), (727, 728), (738, 738), (747, 747), (769, 770), (783, 784), (788, 791), (808, 1599)]
     grid : [(408, 471), (482, 498), (527, 654), (808, 841)]
y139  ** gifOnly:[(0, 407), (472, 481), (499, 526), (655, 704), (706, 706)] gridOnly:[(808, 808)]
     gif  : [(0, 704), (706, 706), (708, 710), (712, 712), (715, 715), (718, 719), (724, 724), (747, 747), (769, 770), (783, 784), (787, 791), (809, 1599)]
     grid : [(408, 471), (482, 498), (527, 654), (808, 841)]
y140  ** gifOnly:[(0, 407), (472, 481), (499, 526), (655, 704), (708, 708)] gridOnly:[(802, 806), (808, 808)]
     gif  : [(0, 704), (708, 708), (710, 710), (712, 712), (715, 715), (730, 731), (752, 753), (786, 791), (809, 1599)]
     grid : [(408, 471), (482, 498), (527, 654), (802, 806), (808, 841), (843, 847)]
y141  ** gifOnly:[(0, 407), (472, 481), (499, 526), (655, 703), (709, 712)] gridOnly:[(800, 801)]
     gif  : [(0, 703), (709, 712), (714, 714), (729, 729), (752, 752), (756, 756), (788, 790), (802, 1599)]
     grid : [(408, 471), (482, 498), (527, 654), (800, 849)]
y142  ** gifOnly:[(0, 407), (472, 481), (499, 526), (655, 703), (709, 712)] gridOnly:[(799, 800)]
     gif  : [(0, 703), (709, 712), (714, 714), (729, 729), (731, 731), (756, 756), (786, 791), (801, 1599)]
     grid : [(408, 471), (482, 498), (527, 654), (799, 850)]
y143  ** gifOnly:[(0, 481), (499, 526), (655, 705), (708, 708), (710, 710)] gridOnly:[]
     gif  : [(0, 705), (708, 708), (710, 710), (712, 712), (731, 731), (733, 733), (786, 791), (799, 1599)]
     grid : [(482, 498), (527, 654), (799, 850), (902, 906)]
y144  ** gifOnly:[(0, 481), (499, 526), (655, 705), (714, 714), (771, 775)] gridOnly:[(798, 798)]
     gif  : [(0, 705), (714, 714), (771, 775), (786, 790), (794, 795), (799, 1599)]
     grid : [(482, 498), (527, 654), (798, 851), (900, 908)]
y145  ** gifOnly:[(0, 481), (499, 526), (655, 705), (714, 714), (769, 777)] gridOnly:[(798, 798)]
     gif  : [(0, 705), (714, 714), (769, 777), (783, 783), (786, 791), (794, 795), (799, 1599)]
     grid : [(482, 498), (527, 654), (798, 851), (899, 909)]
y146  ** gifOnly:[(0, 481), (499, 526), (655, 705), (715, 715), (717, 717)] gridOnly:[(798, 798)]
     gif  : [(0, 705), (715, 715), (717, 717), (733, 733), (768, 778), (783, 783), (786, 791), (795, 795), (799, 1599)]
     grid : [(482, 498), (527, 654), (798, 851), (899, 909)]
y147  ** gifOnly:[(0, 481), (499, 526), (655, 706), (715, 715), (717, 717)] gridOnly:[(798, 798)]
     gif  : [(0, 706), (715, 715), (717, 717), (733, 733), (738, 738), (756, 756), (768, 778), (783, 783), (785, 786), (788, 791), (795, 796), (799, 1599)]
     grid : [(482, 498), (527, 654), (798, 851), (898, 910)]
y148  ** gifOnly:[(0, 481), (499, 526), (655, 703), (706, 706), (711, 712)] gridOnly:[(798, 798)]
     gif  : [(0, 703), (706, 706), (711, 712), (734, 735), (738, 738), (767, 780), (783, 783), (785, 791), (795, 796), (799, 1599)]
     grid : [(482, 498), (527, 654), (798, 851), (898, 910)]
y149  ** gifOnly:[(0, 481), (499, 526), (655, 703), (706, 706), (711, 712)] gridOnly:[]
     gif  : [(0, 703), (706, 706), (711, 712), (734, 735), (738, 738), (767, 780), (785, 791), (795, 795), (799, 1599)]
     grid : [(482, 498), (527, 654), (799, 851), (898, 910)]
y150  ** gifOnly:[(0, 481), (499, 526), (655, 703), (719, 719), (762, 763)] gridOnly:[]
     gif  : [(0, 703), (719, 719), (762, 763), (767, 780), (785, 793), (799, 1599)]
     grid : [(482, 498), (527, 654), (799, 850), (898, 910)]
y151  ** gifOnly:[(0, 481), (499, 526), (655, 703), (707, 707), (718, 719)] gridOnly:[]
     gif  : [(0, 703), (707, 707), (718, 719), (736, 737), (762, 763), (767, 780), (785, 793), (799, 1599)]
     grid : [(482, 498), (527, 654), (800, 849), (898, 910)]
y152  ** gifOnly:[(0, 481), (499, 526), (655, 704), (707, 707), (718, 719)] gridOnly:[]
     gif  : [(0, 704), (707, 707), (718, 719), (736, 737), (767, 780), (785, 793), (797, 797), (800, 1599)]
     grid : [(482, 498), (527, 654), (802, 847), (899, 910)]
y153  ** gifOnly:[(0, 481), (499, 526), (742, 742), (763, 763), (767, 768)] gridOnly:[(705, 736), (781, 784), (794, 796), (798, 800)]
     gif  : [(0, 704), (742, 742), (763, 763), (767, 780), (785, 793), (797, 797), (801, 1599)]
     grid : [(482, 498), (527, 736), (769, 910)]
y154  ** gifOnly:[(0, 481), (499, 561), (742, 742), (767, 767), (911, 1599)] gridOnly:[]
     gif  : [(0, 737), (742, 742), (767, 1599)]
     grid : [(482, 498), (562, 737), (768, 910)]
y155  ** gifOnly:[(0, 481), (499, 561), (767, 768), (911, 1599)] gridOnly:[]
     gif  : [(0, 738), (767, 1599)]
     grid : [(482, 498), (562, 738), (769, 910)]
y156  ** gifOnly:[(0, 481), (499, 561), (739, 739), (767, 767), (911, 1599)] gridOnly:[]
     gif  : [(0, 739), (767, 1599)]
     grid : [(482, 498), (562, 738), (768, 910)]
y157  ** gifOnly:[(0, 481), (499, 561), (739, 740), (767, 768), (911, 1599)] gridOnly:[]
     gif  : [(0, 740), (767, 1599)]
     grid : [(482, 498), (562, 738), (769, 910)]
y158  ** gifOnly:[(0, 481), (499, 561), (738, 740), (746, 747), (767, 769)] gridOnly:[]
     gif  : [(0, 740), (746, 747), (767, 1599)]
     grid : [(482, 498), (562, 737), (770, 910)]
y159  ** gifOnly:[(0, 481), (499, 561), (739, 740), (746, 747), (767, 770)] gridOnly:[]
     gif  : [(0, 740), (746, 747), (767, 1599)]
     grid : [(482, 498), (562, 738), (771, 910)]