==== ref
     10  10 11  11 12  12 13  13 14  14 15  15 16  16 17  17 18  18 19  19 20  20 21  21 22  22 23  23 24  24 25  25 26  26 27  27 28  28 29  29 30  30 31  31 
     0123456789012345678901234567890123456789012345678901234567890123456789012345678901234567890123456789012345678901234567890123456789012345678901234567890123456789012345678901234567890123456789012345678901234567890123456789
164 ..................##.....#...#...##.#............#.#..#...................................#......##..#............##......##.....#...#...................##.#.....#......#....#..##.#...............##............##.....##.#...
165 .................#####...#...#...#####...........######...................................###....######..........#####...#####...##..#...................#####....###....##..##..#####..............##...........#####...######.
166 .................#####...##..#...######..........#####....................................###....######..........#####...#####...##.###..................######...###....######..#####.............####..........#####...######.
167 .................##..#...##..#...######..............##....................................##....#####...........##..##..##..##.....###..................######....##....#######.##................####..........##..##..##.....
168 .................##..##..##..##....##...............###....................................##....##..#..............###..##..##....###.....................##......##....#######.##...............#####...##.#......###..##.#...
169 .................##..##..##..##....##...............##.....................................##....##..#..............##...##..##....###.....................##......##....##.#.#..####.............##.##..###.##.....##...#####..
170 .................##..##..##..##....##..............###.....................................#.....##..#..............##...##..##...###......................##......#.....##...##.####............###.##..######.....##...#####..
171 .................#...##..#...##....##..............##......................................##....##..##..........#...#...##..##...###......................##......##....##...##.##..............#####....####...#...#...##..##.
172 .................######..##.###....##..............##.....................................###....##..##..........#.####..#..###..###.......................##.....###....##...##.##.#............######..........#.####..######.
173 .................######..######....##..............#......................................###....#...##..........######..######..###.#.....................##.....###....##...##.#####...........#######.........######..######.
174 .................######..######....##..............##.....................................####...##..##..........######..######..##..##....................##.....####...#....##.######...........######.........######..######.

==== 018
     10  10 11  11 12  12 13  13 14  14 15  15 16  16 17  17 18  18 19  19 20  20 21  21 22  22 23  23 24  24 25  25 26  26 27  27 28  28 29  29 30  30 31  31 
     0123456789012345678901234567890123456789012345678901234567890123456789012345678901234567890123456789012345678901234567890123456789012345678901234567890123456789012345678901234567890123456789012345678901234567890123456789
164 ..................##.....#...#...##.#.............#.......##..............................#......##..#....................##.....#...#...................##.#.....#......#....#..##.#.............##..............#......##.#...
165 .................#####...#...#...#####............##.....#####............................###....####.#..................#####...##..#...................#####....###....##..##..#####...........#####............##.....######.
166 .................##..#...##..#...######...........##.....##..#.............................##....#####...................##..#......#.#..................######....##....######..##..............##..#............##.....##.....
167 .................##..#...#...#.....##..............##........##............................#.....##..#...................##..##.....##.....................##......#.....#######.##..................##............##....##.....
168 .................##..##..##..##....##..............#........###............................##....##..#...................##..#.....###.....................##......##....##.#.#..##.................###...##.#.....#.....##.#...
169 .................##..##..##..#.....##..............#.......###.............................#.....##..#...................##..##....##......................##......#.....##...#..####..............###...##...#....#.....#####..
170 .................#...#...#...##....##..............##.....###..............................#.....#...#...................##..##...###......................##......#.....##...##.##...............###.....####.....##........#..
171 .................#...##..#...##....##..............#.....###...............................##....##..##..................#...##...##.......................##......##....#....#..##..............###...............#.....##..##.
172 .................######..##.###....##..............##....###..............................##.....#...#...................#..###..###.......................##.....##.....##...##.##.#............###...............##....######.
173 .................######..######....##..............##....#####............................###....#...##..................######..##..#.....................##.....###....#....##.#####...........#####.............##....######.
174 ..................####....####.....##..............##.....#####...........................####...##..##...................####...##..##....................##.....####...#....##.######...........#####............##.....####..

